sints_in = (((0, 1, 0, 2, 1, 0), (0, 0, 0), (0, 0, 0)), ((0, 1, 0, 2, 1, 0), \
(0, 0, 0), (1, 1, 0)), ((0, 1, 1, 1, 1, 0), (0, 0, 0), (0, 0, 0)), \
((1, 0, 0, 2, 1, 0), (0, 0, 0), (0, 0, 0)), ((1, 0, 0, 2, 1, 0), (0, \
0, 0), (1, 1, 0)), ((1, 0, 1, 1, 1, 0), (0, 0, 0), (0, 0, 0)), ((1, \
1, 0, 0, 1, 1), (0, 0, 0), (0, 0, 0)), ((1, 1, 0, 1, 1, 0), (0, 0, \
0), (0, 0, 0)), ((1, 1, 0, 1, 1, 0), (0, 0, 0), (1, 1, 0)), ((1, 1, \
1, 0, 1, 0), (0, 0, 0), (0, 0, 0)), ((1, 1, 1, 1, 0, 0), (0, 0, 0), \
(0, 0, 0)), ((1, 1, 1, 1, 1, -1), (0, 0, 0), (0, 0, 0)), ((1, 2, 1, \
0, 0, 0), (0, 0, 0), (0, 0, 0)), ((2, 0, 0, 1, 1, 0), (0, 0, 0), (0, \
0, 0)), ((2, 1, 0, 0, 1, 0), (0, 0, 0), (0, 0, 0)), ((2, 1, 1, 0, 0, \
0), (0, 0, 0), (0, 0, 0)))

coeffs_in = [-108*cH*g2**2, -72*cH*SIC*SIG3*SIG4*YD34*YD34C - \
72*cH*SIG3*SIG4*YE34*YE34C - 72*cH*SIC*SIG3*SIG4*YU34*YU34C, \
-3*cH*g2**2, 54*cH*g2**2, -72*cH*SIC*SIG3*SIG4*YD34*YD34C - \
72*cH*SIG3*SIG4*YE34*YE34C - 72*cH*SIC*SIG3*SIG4*YU34*YU34C, \
3*cH*g2**2, 36*cH*lmbd, -105*cH*g2**2 + 144*cH*lmbd, \
72*cH*SIC*SIG3*SIG4*YD34*YD34C + 72*cH*SIG3*SIG4*YE34*YE34C + \
72*cH*SIC*SIG3*SIG4*YU34*YU34C, 3*cH*g2**2, 3*cH*g2**2, -6*cH*g2**2, \
54*cH*g2**2 + 54*cH*d*g2**2 + 216*cH*lmbd, -24*cH*g2**2, 24*cH*g2**2, \
-27*cH*g2**2 + 108*cH*lmbd]

priority = [((1,1,1,1,1,0), (0,0,0)), ((2,1,1,1,1,0),(0,2,0)), ((3,1,1,1,1,-2),(0,0,0)), ((2,1,0,0,1,1),(0,0,0))]